100 100 0
100 100 0
100 100 0
100 100 0
100 100 0
100 100 0
100 100 0
100 100 0
100 100 0
100 100 0
100 100 0
100 100 0
100 100 0
100 100 0
100 100 0
100 100 0
100 100 0
100 100 0
0 0 0
0 0 0
0 0 0
0 0 0
0 0 0
0 0 0
100 100 0
100 100 0
100 100 0
100 100 0
100 100 0
100 100 0
100 100 0
100 100 0
100 100 0
0 0 0
0 0 0
0 0 0
0 0 0
0 0 0
0 0 0
100 0 0
100 0 0
100 0 0
100 0 0
100 0 0
100 0 0
100 0 0
0 0 0
0 0 0
0 0 0
0 0 0
0 0 0
0 0 0
-100 -100 0
-100 -100 0
-100 -100 0
-100 -100 0
-100 -100 0
-100 -100 0
-100 -100 0
-100 -100 0
-100 -100 0
0 0 0
0 0 0
0 0 0
0 0 0
0 0 0
0 0 0
-100 -100 0
-100 -100 0
-100 -100 0
-100 -100 0
-100 -100 0
-100 -100 0
-100 -100 0
-100 -100 0
-100 -100 0
0 0 0
0 0 0
0 0 0
0 0 0
0 0 0
0 0 0
0 0 0
100 100 0
100 100 0
100 100 0
100 100 0
100 100 0
100 100 0
100 100 0
100 100 0
100 100 0
0 0 0
0 0 0
0 0 0
0 0 0
0 0 0
0 0 0
0 100 0
0 100 0
0 0 0
0 0 0
0 0 0
0 0 0
0 0 0
0 0 0
100 0 0
100 0 0
0 0 0
0 0 0
0 0 0
0 0 0
0 0 0
0 0 0
0 0 0
0 100 0
0 100 0
0 100 0
0 100 0
0 100 0
0 100 0
0 100 0
0 0 0
0 0 0
0 0 0
0 0 0
0 0 0
0 0 0
100 100 0
100 100 0
100 100 0
100 100 0
100 100 0
100 100 0
100 100 0
100 100 0
100 100 0
0 0 0
0 0 0
0 0 0
0 0 0
0 0 0
0 0 0
100 100 0
100 100 0
100 100 0
100 100 0
100 100 0
100 100 0
100 100 0
100 100 0
100 100 0
0 0 0
0 0 0
0 0 0
0 0 0
0 0 0
0 0 0
100 0 0
100 0 0
100 0 0
100 0 0
100 0 0
100 0 0
100 0 0
0 0 0
0 0 0
0 0 0
0 0 0
0 0 0
0 0 0
-100 -100 0
-100 -100 0
-100 -100 0
-100 -100 0
-100 -100 0
-100 -100 0
-100 -100 0
-100 -100 0
-100 -100 0
0 0 0
0 0 0
0 0 0
0 0 0
0 0 0
0 0 0
0 0 data_noloopclosure/pic-2.pnm
100 100 0
100 100 0
100 100 0
100 100 0
100 100 0
100 100 0
100 100 0
100 100 0
100 100 0
0 0 0
0 0 0
0 0 0
0 0 0
0 0 0
0 0 0
0 100 0
0 100 0
0 100 0
0 100 0
0 100 0
0 100 0
0 100 0
0 0 0
0 0 0
0 0 0
0 0 0
0 0 0
0 0 0
-100 -100 0
-100 -100 0
-100 -100 0
-100 -100 0
-100 -100 0
-100 -100 0
-100 -100 0
-100 -100 0
-100 -100 0
0 0 0
0 0 0
0 0 0
0 0 0
0 0 0
0 0 0
-100 -100 0
-100 -100 0
-100 -100 0
-100 -100 0
-100 -100 0
-100 -100 0
-100 -100 0
-100 -100 0
-100 -100 0
0 0 0
0 0 0
0 0 0
0 0 0
0 0 0
0 0 0
0 100 0
0 100 0
0 100 0
0 100 0
0 0 0
0 0 0
0 0 0
0 0 0
0 0 0
0 0 0
100 0 0
100 0 0
0 0 0
0 0 0
0 0 0
0 0 0
0 0 0
0 0 0
0 0 0
0 100 0
0 100 0
0 100 0
0 100 0
0 0 0
0 0 0
0 0 0
0 0 0
0 0 0
0 0 0
100 100 0
100 100 0
100 100 0
100 100 0
100 100 0
100 100 0
100 100 0
100 100 0
100 100 0
0 0 0
0 0 0
0 0 0
0 0 0
0 0 0
100 0 0
100 0 0
100 0 0
100 0 0
100 0 0
100 0 0
100 0 0
0 0 0
0 0 0
0 0 0
0 0 0
0 0 0
0 0 0
0 100 0
0 100 0
0 0 0
0 0 0
0 0 0
0 0 0
0 0 0
0 0 0
0 0 0
0 100 0
0 100 0
0 100 0
0 100 0
0 0 0
0 0 0
0 0 0
0 0 0
0 0 0
0 0 0
0 0 data_noloopclosure/pic-5.pnm
100 100 0
100 100 0
100 100 0
100 100 0
100 100 0
100 100 0
100 100 0
100 100 0
100 100 0
100 100 0
100 100 0
100 100 0
100 100 0
100 100 0
100 100 0
100 100 0
100 100 0
100 100 0
0 0 0
0 0 0
0 0 0
0 0 0
0 0 0
0 0 0
100 0 0
100 0 0
100 0 0
0 0 0
0 0 0
0 0 0
0 0 0
0 0 0
0 0 0
-100 -100 0
-100 -100 0
-100 -100 0
-100 -100 0
-100 -100 0
-100 -100 0
-100 -100 0
-100 -100 0
-100 -100 0
0 0 0
0 0 0
0 0 0
0 0 0
0 0 0
0 0 0
0 0 data_noloopclosure/pic-6.pnm
100 100 0
100 100 0
100 100 0
100 100 0
100 100 0
100 100 0
100 100 0
100 100 0
100 100 0
0 0 0
0 0 0
0 0 0
0 0 0
0 0 0
0 0 0
0 0 data_noloopclosure/pic-7.pnm
0 100 0
0 100 0
0 100 0
0 100 0
0 100 0
0 100 0
0 100 0
0 0 0
0 0 0
0 0 0
0 0 0
0 0 0
0 0 0
0 0 data_noloopclosure/pic-13.pnm
0 100 0
0 100 0
0 0 0
0 0 0
0 0 0
0 0 0
0 0 0
0 0 0
0 100 0
0 100 0
0 100 0
0 0 0
0 0 0
0 0 0
0 0 0
0 0 0
0 0 0
100 100 0
100 100 0
100 100 0
100 100 0
100 100 0
100 100 0
100 100 0
100 100 0
100 100 0
0 0 0
0 0 0
0 0 0
0 0 0
0 0 0
0 0 0
0 100 0
0 100 0
0 100 0
0 100 0
0 100 0
0 100 0
0 100 0
0 0 0
0 0 0
0 0 0
0 0 0
0 0 0
0 0 0
0 100 0
0 100 0
0 100 0
0 100 0
0 100 0
0 100 0
0 100 0
0 0 0
0 0 0
0 0 0
0 0 0
0 0 0
0 0 0
0 100 0
0 100 0
0 100 0
0 100 0
0 100 0
0 100 0
0 100 0
0 0 0
0 0 0
0 0 0
0 0 0
0 0 0
0 0 0
0 100 0
0 100 0
0 0 0
0 0 0
0 0 0
0 0 0
0 0 0
0 0 0
0 0 data_noloopclosure/pic-9.pnm
-100 -100 0
-100 -100 0
-100 -100 0
-100 -100 0
-100 -100 0
-100 -100 0
-100 -100 0
-100 -100 0
-100 -100 0
0 0 0
0 0 0
0 0 0
0 0 0
0 0 0
0 0 0
0 0 data_noloopclosure/pic-10.pnm
0 0 data_noloopclosure/pic-8.pnm
0 100 0
0 100 0
0 100 0
0 100 0
0 0 0
0 0 0
0 0 0
0 0 0
0 0 0
0 0 0
0 0 0
0 100 0
0 100 0
0 0 0
0 0 0
0 0 0
0 0 0
0 0 0
0 0 0
0 0 data_noloopclosure/pic-11.pnm
0 100 0
0 100 0
0 0 0
0 0 0
0 0 0
0 0 0
0 0 0
0 0 0
100 100 0
100 100 0
100 100 0
100 100 0
100 100 0
100 100 0
100 100 0
100 100 0
100 100 0
100 100 0
100 100 0
100 100 0
100 100 0
100 100 0
100 100 0
100 100 0
100 100 0
100 100 0
100 100 0
0 0 0
0 0 0
0 0 0
0 0 0
0 0 0
0 0 0
0 100 0
0 100 0
0 0 0
0 0 0
0 0 0
0 0 0
0 0 0
0 0 0
100 100 0
100 100 0
100 100 0
100 100 0
100 100 0
100 100 0
100 100 0
100 100 0
100 100 0
100 100 0
100 100 0
100 100 0
100 100 0
100 100 0
100 100 0
100 100 0
100 100 0
100 100 0
100 100 0
0 0 0
0 0 0
0 0 0
0 0 0
0 0 0
0 0 0
100 100 0
100 100 0
100 100 0
100 100 0
100 100 0
100 100 0
100 100 0
100 100 0
100 100 0
0 0 0
0 0 0
0 0 0
0 0 0
0 0 0
100 0 0
100 0 0
100 0 0
100 0 0
0 0 0
0 0 0
0 0 0
0 0 0
0 0 0
0 0 0
100 100 0
100 100 0
0 0 0
0 0 0
0 0 0
0 0 0
0 0 0
0 0 0
100 100 0
100 100 0
0 0 0
0 0 0
0 0 0
0 0 0
0 0 0
0 0 0